ACAP  16.82225262  260.14307020    334.4243
ACYA  16.83797178  260.09701992     -4.9476
CAYA  17.04851194  259.73274660     25.8890
COYU  17.00836453  259.91894655     32.4214
CPDP  16.77770918  260.37039605     48.3232
DEMA  20.30036742  260.96464244   1985.8148
DOAR  17.02113913  260.34925980    220.7203
HUAT  15.76917759  263.89165080    110.1721
IGUA  18.39198047  260.49761479    924.8209
MEZC  17.92519831  260.38026847    544.8816
OAXA  17.07254749  263.26698811   1712.0468
PINO  16.39277529  261.87265041    236.0090
UNIP  19.31269728  260.81869743   2308.2608
YAIG  18.86243540  260.93306261   1282.9849
ZIHP  17.60691181  258.53504582     13.8604