-3416.57413798489	-8199.9185911911	-12485.3527286511	-16793.8529070992	-22520.0468485887	-30636.5280300013	-39435.9854024157	-49430.4402355189	-59909.7401709923	-72187.5501195357	-86031.0097338115	-100779.899612555	-112908.527329265	-120256.018922542	-119617.466272498	-117631.490473863	-126971.677009659	-137515.697272404	-148118.93745749
-3714.75353124353	-8475.81441103474	-12985.1264427205	-17581.7656657573	-23685.6105315532	-31663.9508123163	-40100.7805114233	-49220.9112947196	-59064.4663939176	-70677.5217608387	-85052.9955849173	-99694.8480449155	-112334.22063329	-119371.889142964	-119861.24793057	-118326.373036662	-124289.253913625	-134937.005600034	-145643.977208783
-4022.81486367007	-8753.50133378179	-13513.8259179475	-18289.9812266189	-24800.1366110365	-32433.7160179956	-40226.2778807985	-48318.3198838667	-56996.5074086568	-67647.3197453995	-82126.3041612202	-97271.9881150158	-110171.986064651	-118189.032539856	-120105.029588642	-119021.255599461	-121547.61089525	-132299.094005323	-143109.797037735
-4234.47995412736	-8999.05039449859	-13985.5267531592	-19084.1766055363	-25580.9387795289	-32715.0075844564	-39724.712235288	-47172.5926101554	-54609.9471455415	-64427.3610886929	-78110.6255164872	-93335.5389238126	-106686.627223342	-117006.175936748	-119745.623430235	-119531.051946991	-118779.875356572	-129601.962488271	-140516.396944348
-4331.54341903952	-9175.15547769992	-14271.6337354012	-19455.7195836375	-25823.5179823753	-32442.3331127893	-38638.8120936641	-45319.8582882153	-52137.9283140276	-60127.4323834868	-72345.5595146834	-87057.085345613	-100984.623602991	-113735.147084316	-119136.608735965	-119774.833605063	-117272.670987666	-126845.611048879	-137863.776928619
-4427.32656822821	-9266.86857917884	-14469.7054298937	-19871.3563407581	-25793.6772803186	-31675.1405662907	-37271.1155093455	-43101.8078674946	-49349.6602370682	-56122.7829141803	-66280.8788970273	-80330.3357263247	-94049.2416469222	-106813.042967634	-117953.752132857	-120018.615263135	-117967.553550465	-124030.039687147	-135151.936990551
-4521.82940169342	-9317.15574530111	-14346.3480095842	-19663.3642381865	-25063.9038767957	-30556.7235254775	-35799.6131052897	-41013.6308146388	-46350.7224417097	-52435.2760995799	-61844.7926668271	-72976.0362358115	-85700.892856669	-98536.5856621089	-111357.358516253	-119616.024542163	-118662.436113264	-121155.248403075	-132380.877130142
-4615.05191943514	-9176.79116972315	-13954.1506472065	-18868.5635212386	-23972.1360219582	-29470.7348370784	-34718.8640201259	-39687.0885577754	-44088.9984563258	-48962.066692078	-56166.7575693292	-65827.9265987177	-77853.422210112	-90874.4459611478	-103591.495411803	-116572.497711887	-119357.318676063	-118486.526747701	-129550.597347393
-4706.99412145339	-9016.63864413015	-13215.8275383378	-17528.979400585	-22796.2408338187	-28555.3593045439	-34639.993631943	-39621.3335266444	-42218.0194837903	-45914.7625454487	-52034.1289875032	-60108.7754059597	-70788.4368124036	-83512.5674336831	-96181.8102909363	-109018.416329028	-119932.200937628	-116913.851501468	-126661.097642303
-4797.65600774816	-8903.25233081474	-12651.0527259013	-16408.5708180337	-21658.3633663914	-27917.0860788465	-34689.4602239951	-39920.0691122413	-41818.6402965975	-43727.7049580519	-48493.4991954047	-54962.0996489137	-64453.718433878	-75557.2911554593	-88640.1797190487	-101585.685933369	-114417.01368029	-117608.734064267	-123712.378014873
-4887.03757831945	-8981.50644702561	-12168.7516222109	-15752.3049262265	-20929.4500474098	-27672.2442477065	-35113.6430294624	-40290.9452176604	-41874.0226941598	-42258.0119904084	-45340.7968282657	-51160.9585289412	-58374.4427264052	-68411.3061367677	-81144.8890524467	-94389.7458218808	-107190.984723166	-118303.616627067	-120704.438465103
-4975.13883316726	-8994.253043393	-11899.0933333532	-15316.2562839621	-20473.4426896953	-27749.8670129382	-35263.1207488821	-40743.8485762768	-42018.9402930367	-41940.9871322819	-43512.8717344295	-47491.0136718941	-53931.3449799004	-62074.9042711205	-73665.9183492916	-87327.458247451	-100181.873876436	-112974.920753795	-118238.835977653
-5061.95977229159	-9036.86418383726	-11843.6624861639	-15267.0517522658	-20601.3876062144	-27883.0851776618	-35460.9434953119	-40872.6677709319	-42102.5073901609	-41976.6729349382	-42241.0625322618	-44687.9481638595	-50417.006580925	-57266.3011066529	-67406.4421896984	-80887.9297322358	-93828.6863401019	-106583.831392528	-116555.279666681
-5147.50039569245	-9062.87196988662	-11881.3890237679	-15460.162768019	-20760.1492460404	-28052.8808026945	-35516.9376578103	-40825.5157664658	-42104.0234205763	-42037.9117653371	-41717.0898022892	-42366.3704793944	-47379.4125306358	-53538.7909426728	-62195.1556869581	-74461.1565434461	-87913.2655552724	-100717.581380921	-113194.281840462
-5231.76070336982	-9089.5157374925	-12027.2805178445	-15613.3098430701	-20915.7769049063	-28170.1702137052	-35712.2461402319	-40762.346687479	-42119.1580910935	-42056.2971616309	-41841.640159298	-41881.1990939524	-45089.7316126657	-50899.6739690453	-58103.5907329543	-68950.3888371708	-82411.7108643035	-95565.3425243132	-108341.240799316
-5314.74069532372	-9036.08830083664	-12043.8012513145	-15682.643380619	-20920.2669965633	-28315.7189496106	-35923.0688076132	-41111.4411841901	-42157.3335320237	-42059.0509554568	-41934.2033147139	-41771.4251672481	-43349.885297754	-48530.4526819893	-55096.5421918111	-64579.0767260388	-77361.0494783756	-91151.9150517854	-104569.924747116
-5396.44037155413	-9088.39939793357	-12077.9210057673	-15631.5940975447	-21050.2185924927	-28431.7658973866	-35997.3132628969	-41157.0493922071	-42131.2317847428	-42049.6397907231	-41950.7994423889	-41783.0566018365	-42021.8015898676	-46634.1808246223	-53023.5578826553	-60911.7151924606	-72902.7865344229	-87014.3213852799	-101172.875699831
-5476.85973206107	-9042.62702567794	-12044.0950282782	-15688.8730667451	-21094.8658117188	-28591.7863665678	-36212.320885191	-40975.2330185766	-42143.5931721963	-42033.0890111255	-41958.6666696384	-41848.2852419956	-42238.4324369965	-45378.0473350431	-51463.8765729126	-58594.6354164801	-69529.6536458373	-83178.4411305573	-97612.5099298243
-5555.99877684453	-9154.56700395486	-12110.7633320334	-15617.0924848964	-21214.747034191	-28711.04774117	-36324.576871879	-41144.9388609102	-42121.2631606295	-42026.1082904022	-41954.5402203536	-41922.3425276818	-41724.5897040217	-43841.5585228256	-49972.6928207461	-56527.4125178342	-66453.2842270991	-79550.7515710179	-93934.1209954014
-5633.85750590451	-9206.13074782346	-12075.3099463236	-15714.4521744173	-21454.7208732397	-28851.2569750589	-36210.0708132358	-40960.3810303408	-42139.184951155	-42024.4460489098	-41949.7005903419	-41934.4601867393	-41662.9402240791	-43119.0157655441	-48721.9342548965	-55158.5561624588	-63874.2598081393	-76465.4378936828	-90596.0797669653
-5710.43591924101	-9267.8459325263	-12139.1423294134	-15747.2839495428	-21516.6476400078	-28988.4614868915	-36392.5054980123	-40836.7656421565	-42130.9145143465	-42017.5703375459	-41946.8215246733	-41946.3265158888	-41736.4153307314	-42307.3873556648	-47857.8638358836	-54086.9949330164	-61804.406239876	-73700.4286489982	-87656.9783788666
-5715.84459103477	-9412.21574334364	-12134.1494811346	-15866.1954962125	-21763.9341227244	-29132.1220058571	-36658.0623854774	-41171.5053828313	-42111.1214567261	-42019.4047187082	-41941.6049153185	-41946.2889980522	-41808.4020506315	-42517.1895943796	-47680.1895928626	-53483.3341443294	-59924.9588493985	-71676.8177511056	-85441.9041520927
-5714.0769558568	-9432.33907762553	-12214.2403553378	-15854.0039714551	-21799.4391452986	-29253.7360140125	-36715.0503369242	-41101.8101146583	-42125.5195625525	-42018.0477663727	-41939.720391031	-41946.8059151915	-41824.8546613342	-42444.2714003453	-47487.6083521443	-53019.2980869842	-59027.3245007059	-70047.7330964967	-83527.9173468003
-5712.18688363536	-9519.72687290074	-12161.4621250402	-15912.2717876787	-21894.6717960802	-29351.0060047214	-36745.4601213252	-40954.3643513474	-42114.2552385735	-42008.5788903501	-41938.1809269851	-41945.5228389586	-41842.5340816795	-42519.3854789493	-47241.7517328601	-52690.0335194765	-58821.4190987151	-68973.6698482212	-82155.8169606271
-5710.17437437046	-9522.61466375074	-12200.3321852785	-15734.3958892415	-21893.0098870313	-29475.4222318325	-36893.8373646225	-41060.9159775103	-42127.4141359303	-42010.4397398971	-41937.5544968531	-41947.3891781319	-41823.9311527228	-42305.3340785413	-46870.1761573428	-52396.582140863	-58111.4718473068	-68403.5963410697	-81160.8312225173
-5708.03942806209	-9548.45708385839	-12214.5916472107	-15718.8545368157	-21974.379114402	-29588.6049173575	-36984.7923523953	-41273.4989026979	-42094.295447698	-42014.6890571359	-41937.2575227778	-41953.0444800021	-41814.9036792352	-42050.3068468196	-46750.3253003424	-52373.6604428531	-58089.4929043163	-68400.1935757203	-80771.9045692398
-5705.78204471025	-9526.97578079724	-12258.3581217969	-15710.9859339722	-21953.4982863968	-29712.7731130914	-37094.7510375996	-41304.8401219522	-42127.4527331968	-42004.1590028122	-41937.8260478583	-41951.6017999317	-41834.8505253342	-42302.4574807586	-47023.6795079711	-52615.7673496865	-58937.9809204073	-68717.2895166359	-80670.1777024432
-5703.40222431494	-9530.5532460763	-12313.3660197292	-15926.5255152635	-22026.4378778923	-29830.9137569246	-37154.3127887028	-41338.9515396006	-42122.4824263547	-41998.8473720783	-41942.7888977128	-41954.7925051882	-41778.1456208249	-42642.9887940375	-47724.3814727238	-53391.4134557775	-59791.9012951332	-69481.8928664081	-80734.9214739875
-5700.89996687617	-9505.1306159259	-12358.9189246094	-15890.3883333558	-22201.8057783638	-29960.9418602988	-37320.9879717074	-41378.4912329873	-42135.5567731504	-42000.5515008177	-41953.5379789953	-41946.2791977505	-41637.8148405075	-43157.7884367521	-48632.354374231	-54509.8213830357	-60993.2050755628	-70600.0225665309	-81174.9002631333
-5698.27527239393	-9477.00698266503	-12407.4980933104	-15927.7160199346	-22273.253232625	-30052.4854686446	-37480.2778965766	-41389.7303236195	-42131.5417915865	-42001.3427988416	-41951.7757271694	-41876.8119380658	-41582.2980037305	-44466.2108875122	-50323.5283225669	-56318.2588870653	-63459.1340543151	-72532.7616319881	-83028.8321498679
-5695.52814086822	-9467.80309621548	-12460.5507744356	-15995.2344265668	-22144.8051852347	-30035.4906232575	-37437.8624703275	-41392.9973747494	-42085.0230087415	-42015.5240598961	-41937.7248516926	-41734.3148344202	-41978.5861540801	-46279.4635506932	-52661.0539519993	-59001.7346551349	-66627.4715669456	-75854.120473949	-86632.3382365837
