1.000000000000000000e+00
1.000000000000000000e+00
1.000000000000000000e+00
1.000000000000000000e+00
1.000000000000000000e+00
1.000000000000000000e+00
1.000000000000000000e+00
1.000000000000000000e+00
5.955000000000000071e+00
1.209399999999999942e+01
1.901549999999999940e+01
2.639000000000000057e+01
3.245499999999999829e+01
3.613000000000000256e+01
3.581000000000000227e+01
3.481499999999999773e+01
3.948499999999999943e+01
4.475999999999999801e+01
5.006000000000000227e+01
1.000000000000000000e+00
1.000000000000000000e+00
1.000000000000000000e+00
1.000000000000000000e+00
1.000000000000000000e+00
1.000000000000000000e+00
1.000000000000000000e+00
1.000000000000000000e+00
5.532000000000000028e+00
1.133900000000000041e+01
1.852649999999999864e+01
2.584750000000000014e+01
3.216499999999999915e+01
3.568500000000000227e+01
3.592999999999999972e+01
3.516499999999999915e+01
3.814500000000000313e+01
4.346999999999999886e+01
4.882000000000000028e+01
1.000000000000000000e+00
1.000000000000000000e+00
1.000000000000000000e+00
1.000000000000000000e+00
1.000000000000000000e+00
1.000000000000000000e+00
1.000000000000000000e+00
1.000000000000000000e+00
4.498499999999999943e+00
9.823499999999999233e+00
1.706299999999999883e+01
2.463599999999999923e+01
3.108500000000000085e+01
3.509499999999999886e+01
3.605499999999999972e+01
3.550999999999999801e+01
3.677499999999999858e+01
4.214999999999999858e+01
4.755499999999999972e+01
1.000000000000000000e+00
1.000000000000000000e+00
1.000000000000000000e+00
1.000000000000000000e+00
1.000000000000000000e+00
1.000000000000000000e+00
1.000000000000000000e+00
1.000000000000000000e+00
3.305000000000000160e+00
8.213499999999999801e+00
1.505550000000000033e+01
2.266799999999999926e+01
2.934499999999999886e+01
3.450500000000000256e+01
3.587500000000000000e+01
3.576500000000000057e+01
3.539000000000000057e+01
4.079999999999999716e+01
4.625999999999999801e+01
1.000000000000000000e+00
1.000000000000000000e+00
1.000000000000000000e+00
1.000000000000000000e+00
1.000000000000000000e+00
1.000000000000000000e+00
1.000000000000000000e+00
1.000000000000000000e+00
2.068999999999999950e+00
6.063500000000000334e+00
1.217300000000000004e+01
1.952850000000000108e+01
2.648999999999999844e+01
3.287000000000000455e+01
3.557000000000000028e+01
3.588499999999999801e+01
3.463499999999999801e+01
3.942499999999999716e+01
4.492999999999999972e+01
1.000000000000000000e+00
1.000000000000000000e+00
1.000000000000000000e+00
1.000000000000000000e+00
1.000000000000000000e+00
1.000000000000000000e+00
1.000000000000000000e+00
1.000000000000000000e+00
1.000000000000000000e+00
4.061500000000000554e+00
9.140499999999999403e+00
1.616499999999999915e+01
2.302449999999999974e+01
2.940500000000000114e+01
3.497500000000000142e+01
3.600999999999999801e+01
3.498499999999999943e+01
3.801500000000000057e+01
4.357500000000000284e+01
1.000000000000000000e+00
1.000000000000000000e+00
1.000000000000000000e+00
1.000000000000000000e+00
1.000000000000000000e+00
1.000000000000000000e+00
1.000000000000000000e+00
1.000000000000000000e+00
1.000000000000000000e+00
2.217500000000000249e+00
6.922500000000000320e+00
1.248799999999999955e+01
1.885050000000000026e+01
2.526849999999999952e+01
3.167999999999999972e+01
3.581000000000000227e+01
3.532999999999999829e+01
3.657999999999999829e+01
4.218999999999999773e+01
1.000000000000000000e+00
1.000000000000000000e+00
1.000000000000000000e+00
1.000000000000000000e+00
1.000000000000000000e+00
1.000000000000000000e+00
1.000000000000000000e+00
1.000000000000000000e+00
1.000000000000000000e+00
1.000000000000000000e+00
4.083499999999999908e+00
8.913999999999999702e+00
1.492650000000000077e+01
2.143700000000000117e+01
2.779500000000000171e+01
3.428499999999999659e+01
3.567999999999999972e+01
3.524499999999999744e+01
4.077499999999999858e+01
1.000000000000000000e+00
1.000000000000000000e+00
1.000000000000000000e+00
1.000000000000000000e+00
1.000000000000000000e+00
1.000000000000000000e+00
1.000000000000000000e+00
1.000000000000000000e+00
1.000000000000000000e+00
1.000000000000000000e+00
2.016999999999999904e+00
6.054499999999999993e+00
1.139400000000000013e+01
1.775649999999999906e+01
2.409100000000000108e+01
3.051000000000000156e+01
3.596500000000000341e+01
3.445499999999999829e+01
3.932999999999999829e+01
1.000000000000000000e+00
1.000000000000000000e+00
1.000000000000000000e+00
1.000000000000000000e+00
1.000000000000000000e+00
1.000000000000000000e+00
1.000000000000000000e+00
1.000000000000000000e+00
1.000000000000000000e+00
1.000000000000000000e+00
1.000000000000000000e+00
3.480999999999999872e+00
8.227000000000000313e+00
1.377849999999999930e+01
2.032000000000000028e+01
2.679500000000000171e+01
3.321000000000000085e+01
3.480499999999999972e+01
3.785499999999999687e+01
1.000000000000000000e+00
1.000000000000000000e+00
1.000000000000000000e+00
1.000000000000000000e+00
1.000000000000000000e+00
1.000000000000000000e+00
1.000000000000000000e+00
1.000000000000000000e+00
1.000000000000000000e+00
1.000000000000000000e+00
1.000000000000000000e+00
1.580500000000000016e+00
5.187000000000000277e+00
1.020550000000000068e+01
1.657249999999999801e+01
2.319500000000000028e+01
2.959499999999999886e+01
3.514999999999999858e+01
3.635000000000000142e+01
1.000000000000000000e+00
1.000000000000000000e+00
1.000000000000000000e+00
1.000000000000000000e+00
1.000000000000000000e+00
1.000000000000000000e+00
1.000000000000000000e+00
1.000000000000000000e+00
1.000000000000000000e+00
1.000000000000000000e+00
1.000000000000000000e+00
1.000000000000000000e+00
2.965500000000000025e+00
7.037499999999999645e+00
1.283300000000000018e+01
1.966349999999999909e+01
2.608999999999999986e+01
3.248499999999999943e+01
3.511999999999999744e+01
1.000000000000000000e+00
1.000000000000000000e+00
1.000000000000000000e+00
1.000000000000000000e+00
1.000000000000000000e+00
1.000000000000000000e+00
1.000000000000000000e+00
1.000000000000000000e+00
1.000000000000000000e+00
1.000000000000000000e+00
1.000000000000000000e+00
1.000000000000000000e+00
1.208499999999999908e+00
4.633000000000000007e+00
9.702999999999999403e+00
1.644400000000000261e+01
2.291450000000000031e+01
2.928999999999999915e+01
3.428000000000000114e+01
1.000000000000000000e+00
1.000000000000000000e+00
1.000000000000000000e+00
1.000000000000000000e+00
1.000000000000000000e+00
1.000000000000000000e+00
1.000000000000000000e+00
1.000000000000000000e+00
1.000000000000000000e+00
1.000000000000000000e+00
1.000000000000000000e+00
1.000000000000000000e+00
1.000000000000000000e+00
2.769499999999999851e+00
7.097500000000000142e+00
1.323049999999999926e+01
1.995649999999999835e+01
2.635999999999999943e+01
3.259499999999999886e+01
1.000000000000000000e+00
1.000000000000000000e+00
1.000000000000000000e+00
1.000000000000000000e+00
1.000000000000000000e+00
1.000000000000000000e+00
1.000000000000000000e+00
1.000000000000000000e+00
1.000000000000000000e+00
1.000000000000000000e+00
1.000000000000000000e+00
1.000000000000000000e+00
1.000000000000000000e+00
1.449999999999999956e+00
5.051999999999999602e+00
1.047499999999999964e+01
1.720599999999999952e+01
2.378249999999999886e+01
3.017000000000000171e+01
1.000000000000000000e+00
1.000000000000000000e+00
1.000000000000000000e+00
1.000000000000000000e+00
1.000000000000000000e+00
1.000000000000000000e+00
1.000000000000000000e+00
1.000000000000000000e+00
1.000000000000000000e+00
1.000000000000000000e+00
1.000000000000000000e+00
1.000000000000000000e+00
1.000000000000000000e+00
1.000000000000000000e+00
3.548500000000000210e+00
8.289500000000000313e+00
1.468050000000000033e+01
2.157600000000000051e+01
2.828500000000000014e+01
1.000000000000000000e+00
1.000000000000000000e+00
1.000000000000000000e+00
1.000000000000000000e+00
1.000000000000000000e+00
1.000000000000000000e+00
1.000000000000000000e+00
1.000000000000000000e+00
1.000000000000000000e+00
1.000000000000000000e+00
1.000000000000000000e+00
1.000000000000000000e+00
1.000000000000000000e+00
1.000000000000000000e+00
2.512000000000000011e+00
6.456000000000000405e+00
1.245149999999999935e+01
1.950700000000000145e+01
2.658500000000000085e+01
1.000000000000000000e+00
1.000000000000000000e+00
1.000000000000000000e+00
1.000000000000000000e+00
1.000000000000000000e+00
1.000000000000000000e+00
1.000000000000000000e+00
1.000000000000000000e+00
1.000000000000000000e+00
1.000000000000000000e+00
1.000000000000000000e+00
1.000000000000000000e+00
1.000000000000000000e+00
1.000000000000000000e+00
1.731999999999999984e+00
5.297500000000000320e+00
1.076500000000000057e+01
1.758899999999999864e+01
2.480649999999999977e+01
1.000000000000000000e+00
1.000000000000000000e+00
1.000000000000000000e+00
1.000000000000000000e+00
1.000000000000000000e+00
1.000000000000000000e+00
1.000000000000000000e+00
1.000000000000000000e+00
1.000000000000000000e+00
1.000000000000000000e+00
1.000000000000000000e+00
1.000000000000000000e+00
1.000000000000000000e+00
1.000000000000000000e+00
1.000000000000000000e+00
4.263500000000000512e+00
9.226499999999999702e+00
1.577549999999999919e+01
2.296699999999999875e+01
1.000000000000000000e+00
1.000000000000000000e+00
1.000000000000000000e+00
1.000000000000000000e+00
1.000000000000000000e+00
1.000000000000000000e+00
1.000000000000000000e+00
1.000000000000000000e+00
1.000000000000000000e+00
1.000000000000000000e+00
1.000000000000000000e+00
1.000000000000000000e+00
1.000000000000000000e+00
1.000000000000000000e+00
1.000000000000000000e+00
3.579499999999999904e+00
7.937000000000000277e+00
1.423249999999999993e+01
2.129799999999999827e+01
1.000000000000000000e+00
1.000000000000000000e+00
1.000000000000000000e+00
1.000000000000000000e+00
1.000000000000000000e+00
1.000000000000000000e+00
1.000000000000000000e+00
1.000000000000000000e+00
1.000000000000000000e+00
1.000000000000000000e+00
1.000000000000000000e+00
1.000000000000000000e+00
1.000000000000000000e+00
1.000000000000000000e+00
1.000000000000000000e+00
3.043499999999999872e+00
6.902000000000000135e+00
1.284999999999999964e+01
1.982849999999999824e+01
1.000000000000000000e+00
1.000000000000000000e+00
1.000000000000000000e+00
1.000000000000000000e+00
1.000000000000000000e+00
1.000000000000000000e+00
1.000000000000000000e+00
1.000000000000000000e+00
1.000000000000000000e+00
1.000000000000000000e+00
1.000000000000000000e+00
1.000000000000000000e+00
1.000000000000000000e+00
1.000000000000000000e+00
1.000000000000000000e+00
2.741500000000000270e+00
5.962500000000000355e+00
1.183849999999999980e+01
1.872100000000000009e+01
1.000000000000000000e+00
1.000000000000000000e+00
1.000000000000000000e+00
1.000000000000000000e+00
1.000000000000000000e+00
1.000000000000000000e+00
1.000000000000000000e+00
1.000000000000000000e+00
1.000000000000000000e+00
1.000000000000000000e+00
1.000000000000000000e+00
1.000000000000000000e+00
1.000000000000000000e+00
1.000000000000000000e+00
1.000000000000000000e+00
2.509500000000000064e+00
5.513499999999999623e+00
1.102399999999999913e+01
1.776399999999999935e+01
1.000000000000000000e+00
1.000000000000000000e+00
1.000000000000000000e+00
1.000000000000000000e+00
1.000000000000000000e+00
1.000000000000000000e+00
1.000000000000000000e+00
1.000000000000000000e+00
1.000000000000000000e+00
1.000000000000000000e+00
1.000000000000000000e+00
1.000000000000000000e+00
1.000000000000000000e+00
1.000000000000000000e+00
1.000000000000000000e+00
2.344999999999999751e+00
5.410499999999999865e+00
1.048700000000000010e+01
1.707799999999999940e+01
1.000000000000000000e+00
1.000000000000000000e+00
1.000000000000000000e+00
1.000000000000000000e+00
1.000000000000000000e+00
1.000000000000000000e+00
1.000000000000000000e+00
1.000000000000000000e+00
1.000000000000000000e+00
1.000000000000000000e+00
1.000000000000000000e+00
1.000000000000000000e+00
1.000000000000000000e+00
1.000000000000000000e+00
1.000000000000000000e+00
2.198500000000000121e+00
5.055500000000000327e+00
1.020199999999999996e+01
1.658050000000000068e+01
1.000000000000000000e+00
1.000000000000000000e+00
1.000000000000000000e+00
1.000000000000000000e+00
1.000000000000000000e+00
1.000000000000000000e+00
1.000000000000000000e+00
1.000000000000000000e+00
1.000000000000000000e+00
1.000000000000000000e+00
1.000000000000000000e+00
1.000000000000000000e+00
1.000000000000000000e+00
1.000000000000000000e+00
1.000000000000000000e+00
2.187000000000000277e+00
5.044500000000000206e+00
1.019999999999999929e+01
1.638599999999999923e+01
1.000000000000000000e+00
1.000000000000000000e+00
1.000000000000000000e+00
1.000000000000000000e+00
1.000000000000000000e+00
1.000000000000000000e+00
1.000000000000000000e+00
1.000000000000000000e+00
1.000000000000000000e+00
1.000000000000000000e+00
1.000000000000000000e+00
1.000000000000000000e+00
1.000000000000000000e+00
1.000000000000000000e+00
1.000000000000000000e+00
2.307999999999999829e+00
5.469000000000000306e+00
1.035849999999999937e+01
1.633500000000000085e+01
1.000000000000000000e+00
1.000000000000000000e+00
1.000000000000000000e+00
1.000000000000000000e+00
1.000000000000000000e+00
1.000000000000000000e+00
1.000000000000000000e+00
1.000000000000000000e+00
1.000000000000000000e+00
1.000000000000000000e+00
1.000000000000000000e+00
1.000000000000000000e+00
1.000000000000000000e+00
1.000000000000000000e+00
1.000000000000000000e+00
2.695500000000000007e+00
5.895999999999999908e+00
1.074099999999999966e+01
1.636749999999999972e+01
1.000000000000000000e+00
1.000000000000000000e+00
1.000000000000000000e+00
1.000000000000000000e+00
1.000000000000000000e+00
1.000000000000000000e+00
1.000000000000000000e+00
1.000000000000000000e+00
1.000000000000000000e+00
1.000000000000000000e+00
1.000000000000000000e+00
1.000000000000000000e+00
1.000000000000000000e+00
1.000000000000000000e+00
1.000000000000000000e+00
3.254999999999999893e+00
6.496500000000000163e+00
1.130000000000000071e+01
1.658749999999999858e+01
1.000000000000000000e+00
1.000000000000000000e+00
1.000000000000000000e+00
1.000000000000000000e+00
1.000000000000000000e+00
1.000000000000000000e+00
1.000000000000000000e+00
1.000000000000000000e+00
1.000000000000000000e+00
1.000000000000000000e+00
1.000000000000000000e+00
1.000000000000000000e+00
1.000000000000000000e+00
1.000000000000000000e+00
1.161999999999999922e+00
4.158999999999999808e+00
7.729499999999999815e+00
1.226650000000000063e+01
1.751450000000000173e+01
1.000000000000000000e+00
1.000000000000000000e+00
1.000000000000000000e+00
1.000000000000000000e+00
1.000000000000000000e+00
1.000000000000000000e+00
1.000000000000000000e+00
1.000000000000000000e+00
1.000000000000000000e+00
1.000000000000000000e+00
1.000000000000000000e+00
1.000000000000000000e+00
1.000000000000000000e+00
1.000000000000000000e+00
2.330499999999999794e+00
5.501000000000000334e+00
9.313499999999999446e+00
1.392699999999999960e+01
1.931599999999999895e+01
